10111111
11111001
11100110
00011001
01001100
10011010
01010010
01010111
11011010
11101110
00010010
00110011
00111110
01000010
11100011
11101101
01110100
00010010
01011001
11000110
00011111
00010110
01110110
10010101
00000000
00000101
10010111
01100111
01100010
11110000
01001000
10100110
00011110
11000010
11110010
01011000
10110010
11001101
11111011
11010110
01001100
01111100
10101000
10111100
00110011
11100000
01111001
01111000
00100100
01011100
11100110
00100001
01111100
00001111
01101110
00111000
11111011
00100011
01100011
10110010
11100101
01111101
11100111
00101000
01100110
01111110
00100111
10011011
10001001
00011110
00010001
01110110
00111111
00101001
00000101
11000010
01110110
00001010
10000111
00110010
00000101
10001111
01100011
11010100
10111010
10011101
11001111
10111010
00100110
10010000
11000110
11001000
01100001
11110001
01000001
00011010
01001000
10011101
01111010
01011001
10001100
11110111
11010011
00100001
10111010
00010100
00011010
00011001
11110010
10001001
00000011
11101000
10011011
11110101
11110011
00001101
01001110
00110011
01011111
10001101
10111000
11110101
01110101
01001010
11110011
11010101
10001111
00111101
00000001
10110011
11101101
10101011
01000000
11011110
01110001
10000100
01010100
00100000
00001001
00100110
00111010
10011000
01100000
10000011
11001011
10101110
01101101
10010001
00010100
00100011
00100110
01011101
10001110
01010001
00000111
00110001
10110110
00001011
00110011
01110100
11110001
10010101
10001110
00100001
01001011
00110000
11011000
01110010
00000101
01110100
10010010
10110101
01000110
01101010
01001000
11001011
10100110
01011001
01001000
11000101
10111010
11010010
01010100
01010010
00010010
00010010
11001001
00110010
01001011
11110001
11110010
11110111
11000111
00101100
01100111
01101000
00111111
11000010
00110000
10100001
10011111
10110000
10100101
00010101
10010010
01010010
00111001
01101101
11111110
00100111
01100011
00001001
11001000
01111001
10001001
11010011
01111001
11011101
11001111
10011110
01101010
10100010
11010101
01100101
11111111
00011101
00010101
00110010
10000111
00000111
10001000
01010011
11010111
01011000
10111110
00010100
01110000
10001100
10001101
10000101
00101110
00011001
10011101
01001011
00011110
10010001
10010001
10100010
01001001
10010111
10111100
10111110
10011010
01011011
00110010
00111011
00100110
00000100
11010011
00101001
10011110
10100101
10000101
01110110
01111000
10011111
11110111
00101000
11001010
01000001
00001110
11101101
11000100
01000000
01100101
00111010
11101000
01110000
11000001
00001000
01110100
11000100
11000000
01101101
10010001
11001100
00010111
10110100
00100010
01001100
00000000
00100110
01001011
10111011
00011001
10011100
00000100
01010110
01101011
11111111
11000111
00100111
01101010
00000010
01111001
10110010
10011100
11001100
11100101
11101011
11001111
00110001
10010111
11100110
11001011
11001110
10011011
00011000
11001000
10100111
10000000
11001000
00001101
01011110
10001010
01100111
10100001
01010101
01001100
01101010
10100011
00000001
11100111
10101100
00010011
00011011
10110110
00000101
01111101
11111101
00110001
11101001
10001000
11001010
01001101
11011000
10010101
00000010
11011101
00111101
00000110
01001101
01010001
10110000
10011111
01010010
00100011
10000100
01100101
00000011
00001011
00011011
01000010
01011010
11100010
10010101
00111011
11010100
01010110
11011111
01010100
10101101
10100001
01100001
10001011
00101111
00111011
11101111
11100001
01111010
11100110
11110000
10101000
11010011
11010000
01100100
10111111
11001111
11101000
00110101
10100100
01011111
10010101
11110110
10000111
01000000
00110011
10110110
00101110
00001110
01011001
00001110
01100110
11101011
11011011
11111101
11000001
01101101
11110111
11000001
11101110
00110011
11100110
10101110
01011011
00010101
11011111
10111000
10111000
00000101
11101110
00111101
10010010
01011000
00101110
10100010
01011011
10110011
00011011
00001011
10101001
10000001
01000101
01000011
11101011
10001110
00010101
10101100
00111010
00001000
11000000
01101010
01000010
01100011
10010001
10101110
00111100
00110010
01000110
00000000
11101100
00011100
01011011
00101011
00000110
11001100
00110100
11100001
00010001
01100011
01010111
01100110
01110000
01010000
10000000
10000000
10010110
11000010
10000101
11101100
11010111
00001010
01101101
11001100
11010110
01011100
11010111
10100011
00000001
01011011
11100010
00110010
00100000
11110011
11111001
01110011
10010101
11000111
11110010
00010110
01100000
11111000
11101111
00111111
11110111
01011100
11110111
11111111
11111100
10111010
10010101
10010001
01100011
10111011
01011100
00110110
01011111
01110000
10100011
11100100
01111011
00100101
01100101
11111011
10000011
00011111
10111011
00000111
00111001
00011011
00010110
11101110
10111110
11101101
10000010
00011011
01110101
10011000
10001001
01100010
10111111
10000010
01010000
10100011
01100001
10011000
11011010
00010111
00010101
00101010
00100101
11101110
10100011
01000000
10111101
00100110
01011011
10010101
01111000
10001000
01010101
01010101
10001100
00001011
01110001
11010010
01001110
00011001
01001010
01001100
10001100
11001000
00100111
11111101
01111001
00111111
00010001
11001100
11000001
01100010
11110010
01010000
10011001
01011100
10000111
01100110
01100110
00000110
10011110
10101101
00110100
01010100
10001000
01000010
01110101
11010111
00100011
11010111
10110111
01001001
00111001
11000111
00010101
11101011
10010111
10000110
11111101
11000111
11010110
11001001
10101011
11100110
00110010
10110100
00101010
11110001
11101110
10101100
10110001
00011101
11000100
00001111
01110001
00110110
00101101
01110101
01000110
00011011
01110010
10001111
11000100
01111100
01000101
11111001
00101110
11101010
11100001
10110110
11100010
10000111
11111000
11010101
01111001
00001110
01011000
11101000
11110110
01010011
01111101
00000110
01101100
00111101
00010001
01111000
01010011
01110101
00100101
11100001
11111010
01101001
10000011
10101000
11111000
00001011
10001111
00101000
01100011
10011100
11110000
11000111
01111100
00011011
11000000
10100001
00001011
01010011
01010110
01010101
10110100
00001011
01011111
10011110
01011011
01100110
10110111
10010011
11111001
01010101
11111000
11101001
00000000
10100000
10100001
01011110
00011010
11000011
01011101
10001110
11110101
00111000
11010110
11100110
00000110
01100100
01000111
10010001
11000111
11100001
01011101
11101011
10111101
00011000
11111010
01100110
01101111
01010001
00110101
00111110
01100110
10010000
11010101
10000001
01010011
00000001
11011101
10111010
00001000
11001010
10010001
10010101
10010001
11101000
10011111
11110001
01100110
11011010
10011110
00010001
01100000
11011001
10001010
10100100
10010011
00111101
11110100
00101011
00110011
00010010
00100000
01100000
00101001
01100000
11110111
10100100
10010001
00110110
11001110
00101011
00100111
00000111
00110111
00000001
11111100
11111111
01101111
11100011
10011101
10111101
00101111
01010110
01111000
10110111
01000010
00010101
11100111
00000010
11111110
00100110
00111110
11001101
10010110
01010011
11100011
01000110
10101101
10011011
01100111
01100000
01111111
01011101
10001001
00001011
01111111
00000010
01011111
10010001
01111100
01101100
00010000
11101110
11010110
00111000
10000011
11011111
01101100
00001011
11111001
11111111
11001111
01110011
01111011
00000011
01111110
11110100
11101101
10110110
10110001
01010101
00111010
00000111
01010100
00000011
00001101
10110110
00010110
10100100
10001101
00101110
00011011
10111000
11101000
00100001
00001110
10100000
10101011
10000000
11101011
11111101
10101000
00101010
10000100
10011110
01110011
01111001
10000111
11111110
01011100
10111110
01010101
01010000
00100001
10000000
11100001
01100111
00101110
11100000
00100001
10111110
00010010
01111011
01011001
11001000
00101110
11011011
01111100
10010101
11000000
01001111
10010101
00001000
01001100
00111101
10100100
11110000
11011001
11111010
00010110
10100101
01100111
00100011
10101001
00010000
01101110
01001000
00101111
11110111
11000010
00010001
10111111
11010001
01101001
01100010
01001011
01101101
10101101
00000100
00100000
01101001
00101001
11100011
00111101
01010001
00011001
10010101
01101100
10001101
00000110
10011110
11100001
01010000
10111110
01100010
00110110
11100000
10111111
11000000
01000100
10001100
00101111
00011110
00111111
01111010
11100010
11000010
01100000
01001110
11110110
10010111
00010000
10101111
00001000
11011010
11010000
00111010
00000100
01001010
10110100
00101101
10001101
01001101
00101101
01110010
10010111
01101000
00000010
00011101
11010000
10010011
01011001
10100100
11011110
00011111
01111111
00000100
01111101
10111001
11100101
00110010
10010000
00111111
11101011
01001111
11100001
11010001
01111100
00110111
11101001
10011001
00111100
00100011
10010010
10011110
01111011
11111111
10000101
10001101
10100100
01100100
11110111
00001111
11111110
10010001
01100101
11001001
11000100
00011000
11111001
11011110
00100111
01110000
00011110
11001000
10110100
11110000
10000110
01100000
00011100
10110100
00000101
10001101
01011100
11110001
00001100
00010001
00101110
11011111
10010100
11110100
10001100
00111100
10001001
01110100
00111110
01101111
00000011
10111101
11000010
01000010
01111110
11011011
01000000
10011100
00011000
11101110
00111011
11000010
10011000
11110011
00100011
10100001
11110011
00100110
01010011
11001110
